matrix = ones(20);
matrix(1:4:20,1:4:20) = 0 
matrix(2:4:20,1:4:20) = 0 
matrix(1:4:20,2:4:20) = 0 
matrix(2:4:20,2:4:20) = 0 

matrix(3:4:20,3:4:20) = 0 
matrix(4:4:20,3:4:20) = 0 
matrix(3:4:20,4:4:20) = 0 
matrix(4:4:20,4:4:20) = 0 